Koalicije (4):
	c1 :	Vertices:1,17,5,21,9,25,13,29
			Edges:e17(1)[17,21] e25(1)[25,29] e1(1)[1,5] e9(1)[9,13] e21(1)[21,25] e5(1)[5,9] e13(1)[13,17] 

	c4 :	Vertices:16,4,20,8,24,12,28
			Edges:e12(1)[12,16] e4(1)[4,8] e24(1)[24,28] e8(1)[8,12] e20(1)[20,24] e16(1)[16,20] 

	c2 :	Vertices:2,18,6,22,10,26,14,30
			Edges:e22(1)[22,26] e14(1)[14,18] e26(1)[26,30] e10(1)[10,14] e18(1)[18,22] e6(1)[6,10] e2(1)[2,6] 

	c3 :	Vertices:3,19,7,23,11,27,15
			Edges:e23(1)[23,27] e11(1)[11,15] e3(1)[3,7] e15(1)[15,19] e7(1)[7,11] e19(1)[19,23] 

