Mreža:

	Vertices:
1,2,3,4,5,6,7,8,9,10,11,12,13,14,15,16,17,18,19,20,
21,22,23,24,25,26,27,28,29,30
	Edges:
e144(-1)[4,9],e186(-1)[7,20],e296(-1)[20,25],e287(-1)[18,29],e311(-1)[23,30],
e320(-1)[27,28],e73(1)[14,26],e308(-1)[23,24],e315(-1)[25,26],e58(1)[10,30],
e118(-1)[2,11],e154(-1)[4,29],e166(-1)[5,28],e94(1)[22,30],e291(-1)[19,26],
e318(-1)[26,27],e182(-1)[7,12],e61(1)[11,23],e22(1)[4,12],e152(-1)[4,25],
e156(-1)[5,8],e193(-1)[8,11],e11(1)[2,18],e75(1)[15,19],e255(-1)[14,21],
e300(-1)[21,24],e279(-1)[17,26],e306(-1)[22,27],e48(1)[8,28],e101(-1)[1,6],
e201(-1)[8,27],e71(1)[14,18],e185(-1)[7,18],e8(1)[2,6],e138(-1)[3,24],
e196(-1)[8,17],e107(-1)[1,18],e295(-1)[20,23],e244(-1)[13,16],e91(1)[21,25],
e183(-1)[7,14],e258(-1)[14,27],e288(-1)[19,20],e27(1)[5,9],e127(-1)[2,29],
e217(-1)[10,17],e307(-1)[22,29],e151(-1)[4,23],e224(-1)[11,12],e225(-1)[11,14],
e160(-1)[5,16],e286(-1)[18,27],e32(1)[5,29],e23(1)[4,16],e271(-1)[16,23],
e240(-1)[12,25],e134(-1)[3,16],e215(-1)[10,13],e249(-1)[13,26],e259(-1)[14,29],
e285(-1)[18,25],e302(-1)[21,28],e31(1)[5,25],e38(1)[6,30],e165(-1)[5,26],
e135(-1)[3,18],e212(-1)[9,28],e142(-1)[4,5],e243(-1)[13,14],e102(-1)[1,8],
e44(1)[8,12],e129(-1)[3,6],e81(1)[17,21],e55(1)[10,18],e147(-1)[4,15],
e191(-1)[7,30],e233(-1)[11,30],e181(-1)[7,10],e260(-1)[15,16],e184(-1)[7,16],
e199(-1)[8,23],e83(1)[17,29],e3(1)[1,13],e168(-1)[6,7],e159(-1)[5,14],
e195(-1)[8,15],e299(-1)[21,22],e267(-1)[15,30],e170(-1)[6,11],e198(-1)[8,21],
e66(1)[12,28],e163(-1)[5,22],e274(-1)[16,29],e110(-1)[1,24],e137(-1)[3,22],
e281(-1)[17,30],e210(-1)[9,24],e218(-1)[10,19],e280(-1)[17,28],e211(-1)[9,26],
e261(-1)[15,18],e192(-1)[8,9],e105(-1)[1,14],e45(1)[8,16],e312(-1)[24,25],
e77(1)[15,27],e49(1)[9,13],e273(-1)[16,27],e203(-1)[9,10],e268(-1)[16,17],
e178(-1)[6,27],e237(-1)[12,19],e139(-1)[3,26],e89(1)[20,24],e125(-1)[2,25],
e74(1)[14,30],e79(1)[16,24],e133(-1)[3,14],e247(-1)[13,22],e47(1)[8,24],
e43(1)[7,27],e239(-1)[12,23],e197(-1)[8,19],e42(1)[7,23],e202(-1)[8,29],
e130(-1)[3,8],e59(1)[11,15],e257(-1)[14,25],e62(1)[11,27],e207(-1)[9,18],
e150(-1)[4,21],e254(-1)[14,19],e108(-1)[1,20],e219(-1)[10,21],e17(1)[3,15],
e305(-1)[22,25],e293(-1)[19,30],e174(-1)[6,19],e9(1)[2,10],e252(-1)[14,15],
e236(-1)[12,17],e265(-1)[15,26],e232(-1)[11,28],e323(-1)[29,30],e270(-1)[16,21],
e301(-1)[21,26],e113(-1)[1,30],e256(-1)[14,23],e54(1)[10,14],e314(-1)[24,29],
e319(-1)[26,29],e122(-1)[2,19],e86(1)[18,30],e40(1)[7,15],e85(1)[18,26],
e214(-1)[10,11],e238(-1)[12,21],e284(-1)[18,23],e266(-1)[15,28],e92(1)[21,29],
e1(1)[1,5],e4(1)[1,17],e235(-1)[12,15],e253(-1)[14,17],e262(-1)[15,20],
e97(1)[25,29],e277(-1)[17,22],e33(1)[6,10],e278(-1)[17,24],e316(-1)[25,28],
e155(-1)[5,6],e30(1)[5,21],e18(1)[3,19],e230(-1)[11,24],e188(-1)[7,24],
e227(-1)[11,18],e194(-1)[8,13],e80(1)[16,28],e290(-1)[19,24],e12(1)[2,22],
e26(1)[4,28],e222(-1)[10,27],e120(-1)[2,15],e51(1)[9,21],e292(-1)[19,28],
e205(-1)[9,14],e2(1)[1,9],e226(-1)[11,16],e241(-1)[12,27],e322(-1)[28,29],
e157(-1)[5,10],e269(-1)[16,19],e117(-1)[2,9],e172(-1)[6,15],e20(1)[3,27],
e82(1)[17,25],e25(1)[4,24],e213(-1)[9,30],e272(-1)[16,25],e220(-1)[10,23],
e96(1)[24,28],e140(-1)[3,28],e180(-1)[7,8],e50(1)[9,17],e275(-1)[17,18],
e310(-1)[23,28],e304(-1)[22,23],e112(-1)[1,28],e221(-1)[10,25],e313(-1)[24,27],
e98(1)[26,30],e176(-1)[6,23],e298(-1)[20,29],e115(-1)[2,5],e64(1)[12,20],
e200(-1)[8,25],e309(-1)[23,26],e52(1)[9,25],e70(1)[13,29],e145(-1)[4,11],
e104(-1)[1,12],e167(-1)[5,30],e231(-1)[11,26],e317(-1)[25,30],e190(-1)[7,28],
e109(-1)[1,22],e5(1)[1,21],e132(-1)[3,12],e131(-1)[3,10],e264(-1)[15,24],
e29(1)[5,17],e56(1)[10,22],e84(1)[18,22],e14(1)[2,30],e123(-1)[2,21],
e24(1)[4,20],e10(1)[2,14],e251(-1)[13,30],e111(-1)[1,26],e121(-1)[2,17],
e46(1)[8,20],e189(-1)[7,26],e206(-1)[9,16],e60(1)[11,19],e209(-1)[9,22],
e116(-1)[2,7],e208(-1)[9,20],e39(1)[7,11],e177(-1)[6,25],e37(1)[6,26],
e246(-1)[13,20],e28(1)[5,13],e161(-1)[5,18],e297(-1)[20,27],e6(1)[1,25],
e153(-1)[4,27],e13(1)[2,26],e119(-1)[2,13],e173(-1)[6,17],e229(-1)[11,22],
e146(-1)[4,13],e179(-1)[6,29],e78(1)[16,20],e19(1)[3,23],e99(-1)[1,2],
e248(-1)[13,24],e289(-1)[19,22],e90(1)[20,28],e126(-1)[2,27],e149(-1)[4,19],
e242(-1)[12,29],e250(-1)[13,28],e72(1)[14,22],e106(-1)[1,16],e68(1)[13,21],
e128(-1)[3,4],e88(1)[19,27],e34(1)[6,14],e187(-1)[7,22],e204(-1)[9,12],
e216(-1)[10,15],e303(-1)[21,30],e15(1)[3,7],e36(1)[6,22],e148(-1)[4,17],
e103(-1)[1,10],e41(1)[7,19],e21(1)[4,8],e169(-1)[6,9],e93(1)[22,26],
e228(-1)[11,20],e245(-1)[13,18],e63(1)[12,16],e141(-1)[3,30],e76(1)[15,23],
e57(1)[10,26],e124(-1)[2,23],e158(-1)[5,12],e136(-1)[3,20],e35(1)[6,18],
e95(1)[23,27],e162(-1)[5,20],e175(-1)[6,21],e53(1)[9,29],e65(1)[12,24],
e164(-1)[5,24],e321(-1)[27,30],e283(-1)[18,21],e114(-1)[2,3],e100(-1)[1,4],
e171(-1)[6,13],e234(-1)[12,13],e143(-1)[4,7],e7(1)[1,29],e294(-1)[20,21],
e263(-1)[15,22],e69(1)[13,25],e67(1)[13,17],e223(-1)[10,29],e282(-1)[18,19],
e16(1)[3,11],e87(1)[19,23],e276(-1)[17,20]